0.34119523
0.33999205
-0.04484424
0.23215917
0.08978214
-0.30331427
-0.07260918
-0.246675
-0.33683276
0.46418372
0.41810837
-0.04806903
0.30511212
0.103853814
-0.37314063
-0.07646758
-0.3107071
-0.46453714
0.39416704
0.37740308
-0.04594866
0.2671299
0.099863686
-0.34100872
-0.07573577
-0.2803425
-0.41602272
0.095631115
0.13363543
0.06471398
0.133657
0.18505956
0.080026045
0.100847766
0.1414054
0.06601517
0.033556677
0.05260524
-0.006580757
0.056776468
0.08851637
-0.006989381
0.038797107
0.06031388
-0.0057672327
-0.08419707
-0.07876257
-0.11583115
-0.07969447
-0.06240906
-0.13399366
-0.07806503
-0.070946544
-0.11491341
0.017744895
0.021294227
-0.07631404
0.121344216
0.15264879
-0.039263207
0.013135973
0.026056351
-0.08144748
0.10245045
0.09755926
-0.022345439
0.21688674
0.2392226
0.02153259
0.099742115
0.104124546
-0.026606752
-0.03631314
-0.04775979
-0.14462094
0.05988706
0.07442063
-0.11510294
-0.03540679
-0.0387974
-0.14672887
0.28980753
0.20803784
0.2315598
0.0722491
-0.39510015
-0.08714762
0.01724502
-0.39581075
-0.14269999
0.43535256
0.30433452
0.3237661
0.11566587
-0.42992038
-0.110554345
-0.0067972294
-0.50129837
-0.23191616
0.39405203
0.2844444
0.3011629
0.11449425
-0.40296504
-0.0906157
0.008279329
-0.4580382
-0.19642816
-0.09201225
0.16153955
0.16091637
-0.18477796
0.15829456
0.1554291
-0.24037723
-0.12223229
-0.075747386
-0.108011074
0.20490618
0.2209311
-0.2245731
0.18265216
0.20230168
-0.32233813
-0.15324388
-0.08171609
-0.05068224
0.23951928
0.23458162
-0.14524963
0.23880956
0.23500709
-0.23563685
-0.07576667
-0.026109438
0.20704205
0.22516727
0.2069609
0.22205263
0.2342311
0.21468025
0.19469263
0.22242875
0.19140291
-0.16476434
-0.18446815
-0.15943028
-0.18954867
-0.21667764
-0.19043927
-0.17514972
-0.18405993
-0.17185493
-0.037931044
-0.06295363
-0.030018736
-0.06694146
-0.09854297
-0.06405578
-0.042082373
-0.055113003
-0.03411965
0.06464372
-0.08522097
-0.13589862
0.12836033
-0.039251998
-0.12483094
0.1356518
0.088787444
0.015607315
0.08335487
-0.10776644
-0.18421602
0.16571176
-0.04288954
-0.15834044
0.19503094
0.116397016
0.015954865
0.04198985
-0.14151493
-0.200231
0.112368695
-0.087337725
-0.18313046
0.1453496
0.07186202
-0.009460084
0.021643957
0.10593428
0.10959721
-0.23155813
-0.16981621
0.032269873
-0.23284231
-0.20537616
-0.009849384
0.06911491
0.21758391
0.2547373
-0.24328588
-0.11381411
0.14102857
-0.29970217
-0.21179858
0.039722037
0.118555106
0.26766253
0.28106445
-0.15783378
-0.024072597
0.20073394
-0.22273427
-0.12700444
0.09660644
0.10816754
0.08547909
0.11005159
0.10131994
0.08141501
0.09221057
0.094666444
0.10982986
0.085333824
-0.19801761
-0.23249598
-0.19241351
-0.2109884
-0.24247296
-0.21627134
-0.2011919
-0.19499673
-0.20629244
0.108787164
0.09881067
0.11780938
0.12027375
0.115280755
0.12034777
0.10378413
0.13473397
0.10573856
0.04840411
-0.018995324
0.05953977
0.1448411
0.098077714
0.16368417
0.19779818
0.20684563
0.21221125
-0.14816624
-0.23746336
-0.13387659
-0.048854038
-0.115440555
-0.025846895
0.043229252
0.03579324
0.0612382
-0.13328017
-0.23210965
-0.12121397
-0.048650086
-0.12608823
-0.028871462
0.05342563
0.033348642
0.06769281
0.054568272
0.4481047
0.0340054
-0.022890467
0.4833197
-0.0103001045
-0.38470513
-0.27521205
-0.32352674
0.124934725
0.55092514
0.097856686
-0.0147085795
0.52512664
-0.0047907927
-0.48378807
-0.35601762
-0.42152584
0.107745826
0.5077942
0.08088203
-0.018169995
0.49585515
-0.01029728
-0.44474655
-0.32447007
-0.38612163
-0.06106479
0.120113224
0.0625406
-0.14621297
0.078492135
0.054631177
-0.21258329
-0.13543476
-0.080229476
0.054661103
0.2818862
0.23683599
-0.05685244
0.21600989
0.21038088
-0.16447334
-0.048988894
0.028116453
-0.07811938
0.121240474
0.08326395
-0.194157
0.05074872
0.050392322
-0.27591798
-0.18208364
-0.10094435
-0.15804501
-0.14157529
-0.14538161
-0.15241559
-0.12019454
-0.14262731
-0.1781392
-0.16550064
-0.1658696
0.30072922
0.351788
0.3093814
0.3546165
0.4218069
0.35654274
0.2989783
0.34316587
0.3000541
-0.20163059
-0.1784707
-0.19314626
-0.17719927
-0.13995418
-0.17643201
-0.19540581
-0.17919077
-0.19594687
0.05193394
-0.00036129152
-0.08264523
0.16812234
0.1532181
-0.009128434
0.14733247
0.1496838
0.026665924
0.018415723
-0.0612298
-0.15252256
0.14346683
0.10217264
-0.072494596
0.14359444
0.122866556
-0.01136688
-0.09389774
-0.17875749
-0.24541782
0.009473853
-0.037674733
-0.1845314
0.02427434
-0.0043822234
-0.112268366
-0.06879135
-0.37508222
-0.0618979
-0.014793767
-0.38779268
-0.004367343
0.25657547
0.17313132
0.25193706
-0.12115428
-0.47487113
-0.11455398
-0.028925423
-0.44529626
-0.017108835
0.33232903
0.22489475
0.32840475
-0.076110534
-0.41580683
-0.07503337
0.0015814459
-0.40091977
0.00736186
0.32532227
0.22663793
0.3152269
0.13399905
0.12432244
0.12508032
0.09959921
0.020906307
0.09043601
0.12807177
0.105193235
0.12037985
-0.1854222
-0.21085347
-0.19457847
-0.23975961
-0.33688128
-0.24713725
-0.19619386
-0.23345582
-0.2002736
0.14169425
0.14604464
0.13579765
0.113743804
0.050207116
0.11150856
0.11945503
0.11387472
0.12226237
-0.0158462
-0.058306903
0.0046753245
-0.082424365
-0.12404845
-0.06585751
-0.08319364
-0.101960585
-0.059391744
-0.07281167
-0.10761992
-0.069265984
-0.093610406
-0.124182776
-0.09326638
-0.091474764
-0.09587123
-0.0802787
0.1401387
0.1379658
0.12134006
0.20109738
0.20758268
0.17998391
0.18910709
0.2219108
0.18176955
0.017390635
0.042402472
-0.10356081
0.031180054
0.045247935
-0.1615466
-0.09389067
-0.11583503
-0.18849461
0.18567374
0.19071716
-0.0063276873
0.19365476
0.18341106
-0.07853103
0.031009028
-0.016273182
-0.13492225
0.095271
0.10211656
-0.07213879
0.1005534
0.092604704
-0.1461311
-0.038998853
-0.08452639
-0.1860812
0.16602218
0.12889513
0.15207875
0.16253838
0.06294333
0.15953487
0.16126984
0.108643204
0.14816575
-0.17319693
-0.2318023
-0.18121527
-0.19404037
-0.31671202
-0.18937536
-0.17159292
-0.24419104
-0.17687799
0.090115845
0.0514859
0.088967904
0.08603573
-0.013529929
0.09926187
0.08924747
0.038563035
0.09393051
0.057811208
0.0036114745
0.056421354
-0.006852773
-0.10027663
-0.013739091
0.017677533
-0.041814245
0.0077852206
-0.061776016
-0.09997516
-0.064687595
-0.09752733
-0.17388493
-0.10515515
-0.081454255
-0.12164681
-0.08984057
0.17640845
0.18110053
0.17275757
0.21198687
0.18367283
0.20514707
0.20568764
0.21242169
0.19921096
0.3488678
0.31764343
0.16704069
0.25324982
0.08678967
-0.042121176
0.12054299
-0.043661855
-0.13021769
0.23711477
0.16003695
0.0048213624
0.08803568
-0.13443184
-0.2678747
-0.056295365
-0.27691776
-0.36321366
0.2313451
0.15622675
0.031634863
0.08165956
-0.13339947
-0.23749422
-0.03654794
-0.25020698
-0.31168082
0.21198887
0.27233538
0.062180433
0.08038614
-0.046627887
-0.19228323
-0.019075764
-0.196816
-0.20742485
0.2840245
0.31957424
0.050409306
0.11371178
-0.052149072
-0.25722218
-0.041857984
-0.262261
-0.32100794
0.27594987
0.32887593
0.06987083
0.14756678
0.006256097
-0.19526479
0.0073454487
-0.18866733
-0.25226238
0.14827386
0.1538699
0.14570342
0.15466554
0.15210943
0.14794274
0.13191395
0.152337
0.1398935
0.06235291
0.036202647
0.05488813
0.036799613
0.0012619334
0.025032798
0.040531017
0.02969102
0.044186812
-0.1446077
-0.19225322
-0.15244186
-0.1921652
-0.2496639
-0.20472492
-0.16112375
-0.19375502
-0.15912753
-0.16918738
-0.11286744
0.18319288
-0.07171882
-0.022083
0.32710516
0.17847794
0.24522048
0.37749836
-0.45403528
-0.38723344
-0.019007392
-0.34877214
-0.2821929
0.13853617
-0.035064727
0.047293734
0.23596181
-0.2815942
-0.2249738
0.12116599
-0.18647158
-0.13428524
0.26032966
0.107606284
0.17350118
0.34376743
0.034828458
-0.017202258
-0.08203668
0.08922924
0.029243805
-0.07908429
0.050154544
0.020182798
-0.05225398
0.111567155
0.039867986
-0.0431775
0.17330019
0.092376865
-0.03756679
0.13804771
0.08924092
-0.0030053426
-0.012548533
-0.086713344
-0.14935717
0.035956662
-0.046990927
-0.15478662
0.013634643
-0.038740274
-0.11060776
0.12712862
0.16071612
0.1423485
0.17552468
0.2094265
0.18956693
0.12960353
0.16864084
0.14329278
0.07880229
0.10116735
0.09757093
0.11814655
0.14037374
0.1343085
0.09106321
0.11771693
0.10465499
-0.16912632
-0.17129204
-0.14659104
-0.15911917
-0.16429044
-0.14123403
-0.15492691
-0.15505025
-0.1411952
-0.037184086
-0.3767214
-0.29610723
0.20472504
-0.07969159
-0.115286894
0.28920752
0.26068887
0.14862575
-0.066624545
-0.47705287
-0.42250746
0.25561342
-0.0890065
-0.16325727
0.41286457
0.34566903
0.19311845
-0.051927455
-0.44336644
-0.3842862
0.24256545
-0.08083928
-0.14338814
0.3731545
0.31885105
0.18283284
-0.20042807
-0.18558419
-0.18363097
-0.20280531
-0.12460212
-0.1717447
-0.19511877
-0.17842712
-0.18329151
0.03548666
0.113194555
0.08643433
0.07499534
0.22330938
0.14448774
0.03536814
0.1151375
0.08307968
-0.02982092
0.07066605
0.030864755
0.025527418
0.1959033
0.10445296
-0.030376121
0.07211846
0.02694438
-0.031687103
0.0062667043
0.27374998
-0.33778852
-0.38783127
0.19827928
-0.070453614
-0.06101566
0.22294809
-0.06334984
0.018163174
0.3769362
-0.4277511
-0.43171573
0.26688373
-0.12465016
-0.07213345
0.30473205
-0.040409174
0.018084588
0.34076244
-0.39244246
-0.41942063
0.2384498
-0.09809483
-0.06794849
0.27336884
-0.18607035
-0.18524946
-0.14858103
-0.2103083
-0.23615621
-0.19285227
-0.15404959
-0.1820455
-0.116246805
-0.017499551
-0.013716474
-0.04479071
-0.05704309
-0.083997786
-0.10607803
-0.07368665
-0.10256929
-0.09264803
0.21644549
0.24530196
0.13166454
0.20979011
0.20896488
0.10211173
0.10974581
0.10579819
0.03571564
-0.21948689
-0.15376717
-0.082113735
-0.09966558
0.16016941
0.14216146
-0.04450055
0.15274009
0.109269574
-0.24507791
-0.15179221
-0.053209458
-0.090246566
0.2070001
0.21131916
-0.003194376
0.2279668
0.20118788
-0.27658233
-0.2041102
-0.10706842
-0.14029051
0.12779407
0.13178733
-0.049463425
0.15353145
0.12929203
0.12711507
0.10306307
0.13608013
0.14253516
0.049065284
0.14110258
0.16428041
0.10912162
0.15249698
0.10777426
0.102761656
0.114109725
0.14173347
0.068202496
0.13683514
0.14137676
0.10547017
0.12648991
0.12686194
0.13038066
0.13198131
0.15428078
0.09012775
0.14994583
0.14158504
0.11512737
0.12787786
-0.09166071
-0.10856589
-0.08788089
-0.09430672
-0.07124949
-0.10204547
-0.08590286
-0.083569594
-0.087084025
-0.11041014
-0.11888243
-0.10896487
-0.10565823
-0.07254501
-0.1149421
-0.1094976
-0.096342295
-0.10995626
0.014346561
0.036279574
0.016450701
0.048809446
0.1131354
0.040223345
0.010576243
0.05364931
0.010667565
-0.034344908
-0.05646796
-0.14721489
0.15249509
0.25085542
-0.051385436
0.055956177
0.14087333
-0.051753223
-0.1493794
-0.18478899
-0.29456967
0.05440369
0.14269237
-0.18575811
-0.03912013
0.038239725
-0.17690696
0.012994991
-0.005042818
-0.11323073
0.20335127
0.30639523
-0.008176026
0.09592498
0.18516003
-0.018563554
-0.19035071
-0.22586417
-0.32720053
0.12496915
0.3560917
-0.103209935
0.07973154
0.3077994
-0.040250227
-0.21342757
-0.27316123
-0.41346627
0.1690419
0.38539433
-0.1279313
0.15688077
0.37550244
-0.022654662
-0.1990123
-0.2606498
-0.389868
0.14993994
0.35489884
-0.13036768
0.13731147
0.34058154
-0.03012054
-0.26660755
-0.13304456
0.008995354
-0.21127157
0.18255657
0.30489504
-0.12706515
0.082815565
0.13471389
-0.37529954
-0.16408977
0.043469235
-0.2817973
0.20529437
0.39151466
-0.16890852
0.12200447
0.22768381
-0.34384793
-0.14953224
0.038208358
-0.2573723
0.20014428
0.36223876
-0.15550938
0.11072914
0.19746214
0.031359818
0.034147453
0.031941798
0.04741942
0.0518724
0.049884766
0.033463623
0.040202934
0.03757958
0.03815534
0.023432242
0.03834977
0.03558853
0.021678379
0.037222676
0.03748122
0.026676336
0.04040592
-0.15346287
-0.18669748
-0.15391521
-0.17522426
-0.20826834
-0.17482458
-0.14899455
-0.17835322
-0.1475728
-0.31265616
-0.25266033
-0.274614
-0.10383732
0.32792407
0.029465085
0.01988724
0.42107752
0.12761605
-0.40500462
-0.3112151
-0.33320582
-0.122162074
0.35951537
0.049666014
0.043360926
0.49383408
0.18598509
-0.32751855
-0.23581871
-0.26340413
-0.08113492
0.37776428
0.07413049
0.050906904
0.4728692
0.17602697
0.14062239
0.18988453
0.057815712
0.023366747
-0.0042992737
-0.07693563
-0.08032183
-0.14758842
-0.14338791
0.26671135
0.30345246
0.15473394
0.111186296
0.06506786
-0.02238203
-0.026231399
-0.11540311
-0.12029394
0.12628712
0.15438138
0.027030496
-0.032470345
-0.08440854
-0.15290242
-0.14198717
-0.23536539
-0.22485375
0.12116193
0.07191544
0.10835141
0.13486497
0.032234713
0.115824915
0.11472445
0.064244054
0.09708997
-0.11221855
-0.20038293
-0.13312851
-0.12782443
-0.27274072
-0.15424827
-0.11548494
-0.20296015
-0.13922012
-0.029778142
-0.11644088
-0.047686502
-0.04599619
-0.18875399
-0.06837898
-0.030724064
-0.116225265
-0.05007835
-0.09977946
-0.12174521
-0.17360333
0.009177797
0.040186666
-0.10435292
-0.01861624
0.009075979
-0.08971642
0.056713376
0.023052456
-0.05478961
0.19881429
0.21966106
0.042332865
0.17714754
0.19646093
0.06631007
-0.091835774
-0.13196741
-0.18885267
0.027492942
0.040860634
-0.112459145
0.016869444
0.028262544
-0.07942767
0.29688972
0.3252535
0.37237653
-0.014168513
-0.17425302
0.21427836
-0.13397817
-0.289483
0.0804053
0.17906004
0.20648636
0.29756597
-0.21309718
-0.37999532
0.07073937
-0.3616681
-0.52752906
-0.09080723
0.27078667
0.29167938
0.36790404
-0.09278708
-0.2606852
0.16687113
-0.23066528
-0.39396313
0.020605996
-0.056180667
0.13389552
0.19194075
-0.19842169
0.028542219
0.18202871
-0.1908559
-0.10571889
0.012574676
-0.07205165
0.17441532
0.27011314
-0.24855675
0.03916878
0.23992576
-0.26765564
-0.13341728
0.031010851
-0.06344337
0.15553021
0.23322247
-0.23178695
0.029738352
0.20877814
-0.24352013
-0.12678026
0.020400576
0.20568545
0.23665565
0.23578188
-0.017288981
-0.22623667
0.032665107
-0.08343133
-0.3124125
-0.07377721
0.2687745
0.28830305
0.30590963
-0.029046578
-0.26237953
0.029432943
-0.13673607
-0.3959528
-0.120355025
0.25105265
0.27023354
0.27989936
-0.0183462
-0.24622977
0.0327614
-0.11162833
-0.36299434
-0.10009175
-0.010392679
-0.06911509
-0.17992516
0.14897913
0.12583064
-0.13270476
0.046089202
0.04308052
-0.11236805
0.06612714
-0.022731021
-0.16859384
0.24720412
0.19446312
-0.10657085
0.14903985
0.11976401
-0.07363054
-0.010809145
-0.09840022
-0.2191434
0.15001339
0.0987767
-0.17125641
0.06727496
0.036467936
-0.130253
0.09246625
0.2207409
0.31846508
-0.28304473
-0.21379969
0.22830427
-0.24526037
-0.21662979
0.116339095
0.09033839
0.27289918
0.4287997
-0.36197504
-0.23395391
0.29004934
-0.35725918
-0.2776193
0.13593972
0.09104771
0.24817355
0.36986503
-0.3258635
-0.21882723
0.26161823
-0.31402168
-0.24872059
0.12624228
-0.107948564
-0.16836937
-0.23002292
0.08238883
0.13578399
-0.14649157
0.020212434
0.07808778
-0.1066767
-0.076806486
-0.15217862
-0.26616043
0.17554493
0.21985678
-0.12816307
0.11625847
0.17035942
-0.07422279
-0.03647525
-0.09045784
-0.20440005
0.2049132
0.26900938
-0.06776729
0.12976606
0.2006231
-0.03390913
-0.33728287
-0.3499895
-0.06879203
-0.15733823
0.024959654
0.19781025
0.10425035
0.32660052
0.29276913
-0.4619278
-0.4418258
-0.09726061
-0.2165383
0.015049306
0.24169885
0.1285521
0.3988841
0.40083364
-0.41950116
-0.40904573
-0.08071436
-0.19391389
0.017934237
0.22704597
0.12628861
0.37100452
0.36277267
0.042751264
-0.11340776
-0.26930037
0.14059101
-0.031746443
-0.31768504
0.0803022
0.057917457
-0.09052254
0.12459572
-0.11308111
-0.3744478
0.27151075
0.016560843
-0.38723716
0.22308522
0.13790035
-0.11383816
0.17929186
-0.025951242
-0.28821954
0.32746935
0.1085922
-0.2901816
0.25792697
0.20193839
-0.04560458
0.064884745
0.24888481
0.36182716
-0.18264751
0.0020965734
0.3006369
-0.15493183
-0.0024689343
0.20736264
-0.034152124
0.1721638
0.34866688
-0.34643325
-0.13521734
0.23963638
-0.31614485
-0.14140497
0.14153722
-0.08668708
0.0772975
0.24996972
-0.4048459
-0.235888
0.12999572
-0.35070524
-0.21394452
0.06265023
-0.00978277
-0.0063069137
-4.6515466e-05
0.007740837
0.013187286
0.010941352
-0.0029637967
-0.0002478353
5.6705077e-05
0.0849855
0.080627844
0.09648765
0.086619124
0.08278383
0.090054184
0.07766336
0.07086252
0.079536974
-0.15695025
-0.17973049
-0.14517769
-0.17520393
-0.19806626
-0.1718695
-0.15995762
-0.18498936
-0.15821217
0.37796795
0.1995861
-0.08021303
0.3115379
-0.19115259
-0.508719
0.2362359
-0.04017977
-0.25276464
0.4984795
0.21650606
-0.1509168
0.39455155
-0.23572098
-0.6509952
0.3066185
-0.08214713
-0.3781015
0.45743784
0.21899877
-0.11264799
0.36772618
-0.21007612
-0.5897935
0.28377002
-0.060318932
-0.32571784
0.03669376
0.016350416
0.07666903
-0.09034478
-0.16216846
0.033324253
-0.0020882576
-0.052857924
0.04921629
-0.11294956
-0.108579524
-0.01645018
-0.2622969
-0.30835578
-0.07028917
-0.17310886
-0.19947076
-0.06016025
0.09690949
0.1411968
0.20423435
-0.013088829
-0.016736329
0.18801086
0.035007954
0.049498428
0.15931553
-0.2698137
-0.34654588
-0.036667604
-0.15115657
-0.14346708
0.13121605
0.0022951167
0.047422476
0.12581638
-0.3491527
-0.38265818
-0.014387385
-0.1381656
-0.0749108
0.24934907
0.08783554
0.18774043
0.29511735
-0.25782156
-0.28881013
0.036917932
-0.042272598
0.018687133
0.29746172
0.15080269
0.24658574
0.3154512
0.12800126
-0.10747234
-0.1489585
0.25038564
-0.023493553
-0.09056261
0.3075075
0.21079935
0.12448977
-0.007991183
-0.29736537
-0.34765473
0.12709346
-0.200076
-0.27942818
0.22212487
0.08497204
-0.013072084
0.07413846
-0.1962934
-0.23611529
0.19539222
-0.108844005
-0.17351612
0.27856454
0.1581434
0.076931536
-0.10272235
-0.03622799
0.055784572
-0.11109738
-0.008058051
0.1239436
-0.04988055
0.02545032
0.09869119
-0.060910318
0.028419722
0.15086411
-0.064462155
0.06462893
0.22843012
0.013722984
0.11206678
0.21182969
-0.19191319
-0.12897174
-0.0044292165
-0.20890883
-0.1079084
0.056748167
-0.11747452
-0.045711342
0.05670309
0.019358736
0.10005935
0.22413135
-0.16420877
-0.09977767
0.188621
-0.038961586
0.0062333033
0.14934936
-0.119276516
-0.012780966
0.15634207
-0.33411142
-0.24109703
0.10208183
-0.19553855
-0.126899
0.06306762
-0.00065998954
0.10256388
0.24318542
-0.19502436
-0.10339011
0.20663543
-0.07152467
-0.0025821344
0.15986173
0.3056141
0.105204046
0.011499785
0.24883702
-0.15476727
-0.20356359
0.2733566
0.08352513
0.022946503
0.19134338
-0.073177345
-0.185686
0.11056086
-0.36813533
-0.43646595
0.1593051
-0.092960164
-0.16943225
0.27476573
0.040234573
-0.055425145
0.20096098
-0.24203654
-0.29237166
0.24465472
0.022986487
-0.03585255
-0.24094513
-0.012980395
0.08221634
-0.24904615
0.27743757
0.36467296
-0.27824157
-0.023879306
0.06529068
-0.30875197
-0.00055635325
0.14384928
-0.31454504
0.30611143
0.44596818
-0.36103603
-0.026462957
0.114183865
-0.26710263
0.0064301617
0.11807268
-0.27405927
0.29727632
0.3995432
-0.32153118
-0.02223089
0.08617896
-0.16353162
-0.20426914
-0.14652514
-0.20743105
-0.2579961
-0.19962315
-0.17336956
-0.22500496
-0.16910252
0.15053752
0.1636097
0.1542011
0.18225169
0.18895794
0.17698942
0.16485137
0.16915604
0.15842593
0.0780797
0.1177965
0.07474248
0.1431795
0.17762718
0.13267893
0.105180435
0.13853672
0.095435455
-0.29261988
-0.18286338
0.0154819125
-0.2249618
0.1562684
0.37052676
-0.15313554
0.09032019
0.20114979
-0.37830165
-0.2043791
0.049726173
-0.27377212
0.18742138
0.45684892
-0.17692123
0.1375866
0.29449388
-0.35254574
-0.20578381
0.024034362
-0.25921342
0.15924865
0.39841154
-0.16832013
0.108202875
0.24177991
-0.11436455
-0.13025227
-0.12629718
-0.1063385
-0.042669646
-0.12958746
-0.12594968
-0.10128672
-0.13460518
-0.069459565
-0.093850285
-0.087884404
-0.06828708
-0.012109948
-0.09827439
-0.08732687
-0.06832542
-0.10017379
-0.10720515
-0.11827433
-0.12290562
-0.092256755
-0.022146389
-0.11911335
-0.1208065
-0.088431545
-0.13079506
-0.050998658
-0.16508926
-0.29905206
0.28406844
0.25779948
-0.19778992
0.1464741
0.16340195
-0.1342358
-0.04020201
-0.20492788
-0.3915486
0.3440761
0.27064082
-0.2535741
0.2247974
0.20279962
-0.15603794
-0.038040157
-0.19008617
-0.35782176
0.31764674
0.25912452
-0.23109646
0.20088433
0.18996507
-0.1379628
-0.0029979264
-0.06969624
-0.2825364
0.3594997
0.35873157
-0.21510386
0.050093923
0.02832468
-0.27096185
0.04048637
-0.0573062
-0.34632796
0.44033417
0.40848857
-0.25541356
0.101583876
0.052227173
-0.32566148
0.046906423
-0.01889699
-0.27979308
0.42209673
0.423499
-0.19202407
0.097900614
0.077664845
-0.2658845
0.7301776
0.06493629
0.03428847
0.8260386
0.2578029
0.54867655
-0.012438543
0.34789944
0.5510871
0.06297145
0.6069906
0.26703122
0.649414
0.17073655
0.4772309
0.38250586
0.46373144
0.21496128
0.46911287
0.23825859
0.4751922
0.70606434
0.27007523
0.6855273
0.032165516
0.6025288
0.3503486
0.446798
0.7732652
0.58191687
0.39083108
1.7519354
0.66117406
0.30213955
0.53059655
0.6773747
0.33273223
0.49127793
0.26548928
0.18805602
0.074120015
1.1081088
0.28224325
0.86755145
0.19422948
0.810332
0.36062282
0.5072004
0.42472315
0.49632648
0.15117475
0.79454446
0.33494323
0.47283995
0.41552398
0.08496041
0.37947032
0.6006739
0.47174454
0.8130921
0.45521152
1.0892007
0.47757268
0.4072122
